
Update: 2026-04-03 03:53:02.063005 - def test(): return True
Update: 2026-04-04 02:08:52.996119 - print('Bugungi tahlil tayyor!')