
Update: 2026-04-03 03:53:02.063005 - def test(): return True
Update: 2026-04-04 02:08:52.996119 - print('Bugungi tahlil tayyor!')
Update: 2026-04-05 02:30:24.980701 - print('Bugungi tahlil tayyor!')
Update: 2026-04-06 02:32:03.141694 - print('Bugungi tahlil tayyor!')